154777 227614
154908 0
226724 0
309322 0
454755 0
464505 0
618757 0
682441 0
773698 0
909387 0
929071 0
1084118 0
1136713 0
1239173 0
1363848 0
1392848 0
1547376 0
1591029 0
1701691 0
1818439 0
1856271 0
2010654 0
2046563 0
2165605 0
2274014 0
2320009 0
2474725 0
2501756 0
2629759 0
2729111 0
2784323 0
2939016 0
2956701 0
3094086 0
3184082 0
3249362 0
3404523 0
3410996 0
3559477 0
3638344 0
3714326 0
3866244 0
3868857 0
4023240 0
4094488 0
4177844 0
4321917 0
4332310 0
4488123 0
4549403 0
4642918 0
4776565 0
4797019 0
4951566 0
5004223 9
5106886 0
5232164 0
5261471 0
5415737 0
5459214 0
5570957 0
5687226 0
5725964 0
5880512 0
5915202 0
6035391 0
6142648 0
6189993 0
6343846 0
6370019 0
6498922 0
6597049 0
6653648 0
6808232 0
6824609 0
6963355 0
7051844 0
7118267 0
7273672 0
7278883 0
7428906 0
7506811 0
7583175 0
7734511 0
7737704 0
7892966 0
7962725 0
8047657 0
8189927 0
8202465 0
8357273 0
8416939 0
8511704 0
8644783 0
8666545 0
8822332 0
8872373 0
8977577 0
9100072 0
9132132 0
9286893 0
9327411 0
9441728 0
9554497 0
9596632 0
9751473 0
9782206 0
9906239 0
10009778 0
10061635 0
10216226 0
10238211 0
10371769 0
10465611 0
10526607 0
10680767 0
10692568 0
10835614 0
10921098 0
10989956 0
11145185 0
11149327 0
11299926 0
11376834 0
11454858 0
11604402 0
11609986 0
11765548 0
11831899 0
11920780 0
12059695 0
12075565 0
12230242 0
12287355 0
12384736 0
12514012 0
12539298 0
12694111 0
12742416 0
12848815 0
12969790 0
13004236 0
13159257 0
13197254 0
13313639 0
13426398 0
13468038 0
13622889 0
13653542 0
13778050 0
13881958 0
13932741 0
14087340 0
14109497 0
14241918 0
14337797 0
14397032 0
14551030 0
14565279 0
14705179 0
14792657 0
14860008 0
15014980 0
15019996 0
15170041 0
15247712 0
15325236 0
15475795 0
15479801 0
15634880 0
15703537 0
15789312 0
15930689 0
15944515 0
16098548 0
16158222 0
16254139 0
16385978 0
16409075 0
16563429 0
16614408 0
16717444 0
16842390 0
16872759 0
17027469 0
17069969 0
17182736 0
17298662 0
17336769 0
17491547 0
17526379 0
17646351 0
17754365 0
17801414 0
17955367 0
17982663 0
18110076 0
18210470 0
18264679 0
18419361 0
18437874 0
18574333 0
18666034 0
18729144 0
18884099 0
18893040 0
19039077 0
19120759 0
19193910 0
19348629 0
19348838 0
19503070 0
19575879 0
19657799 0
19803720 0
19812517 0
19966925 0
20030823 0
20121494 0
20257506 0
20275631 0
20430171 0
20485532 0
20585251 0
20712919 0
20740338 0
20894710 0
20940658 0
21049580 0
21168625 0
21203839 0
21358357 0
21395639 0
21512786 0
21622837 0
21667277 0
21821811 0
21851501 0
21976694 0
22079559 0
22131242 0
22286513 0
22307285 0
22440742 0
22534349 0
22595596 0
22751287 0
22761251 0
22905737 0
22988542 0
23060807 0
23215717 0
23216254 0
23370284 0
23443131 0
23525277 0
23670596 0
23680028 0
23834805 0
23898529 0
23990332 0
24125804 0
24145046 0
24298885 0
24353254 0
24453755 0
24581782 0
24608368 0
24763411 0
24809873 0
24918660 0
25037790 0
25072746 0
25226935 0
25265893 0
25382095 0
25493842 0
25536614 0
25691426 0
25721750 0
25846044 0
25948705 0
26001169 0
26155996 0
26176831 0
26311141 0
26404629 0
26466293 0
26620845 0
26631733 0
26775271 0
26858754 0
26929904 0
27084947 0
27086917 0
27238927 0
27314241 0
27393410 0
27542214 0
27549090 0
27703280 0
27769835 0
27857799 0
27997983 0
28012423 0
28167153 0
28225067 0
28322173 0
28452606 0
28476759 0
28632411 0
28680365 0
28787173 0
28907187 0
28942072 0
29096726 0
29134182 0
29251378 0
29361430 0
29406901 0
29562349 0
29588893 0
29716774 0
29816528 0
29871924 0
30026451 0
30043813 0
30181461 0
30271957 0
30336781 0
30491612 0
30499835 0
30647167 0
30727761 0
30802206 0
30955157 0
30957551 0
31112607 0
31182570 0
31267424 0
31409874 0
31422248 0
31577447 0
31637991 0
31732079 0
31865124 0
31887353 0
32042829 0
32092619 0
32197335 0
32320035 0
32351824 0
32506217 0
32547642 0
32660547 0
32774781 0
32814924 0
32969156 0
33002338 0
33124505 0
33230298 0
33279357 0
33434104 0
33457199 0
33589505 0
33685144 0
33744396 0
33899777 0
33913013 0
34055382 0
34140911 0
34210770 0
34365887 0
34369235 0
34520346 0
34596834 0
34675024 0
34824328 0
34830302 0
34985551 0
35051504 0
35140027 0
35278788 0
35294837 0
35449902 0
35506227 0
35604778 0
35734208 0
35759044 0
35913227 0
35962153 0
36067907 0
36189314 0
36223014 0
36377784 0
36417079 0
36532042 0
36644679 0
36686740 0
36841588 0
36872473 0
36996613 0
37099998 0
37151584 0
37306021 0
37327389 0
37460767 0
37554851 0
37615753 0
37770732 0
37783507 0
37925313 0
38010640 0
38079471 0
38234227 0
38238828 0
38389260 0
38466299 0
38543872 0
38693801 0
38698791 0
38853595 0
38921031 0
39008433 0
39149209 0
39163229 0
39317744 0
39375732 0
39472192 0
39603381 0
39626508 0
39781628 0
39830859 0
39936431 0
40058467 0
40091366 0
40245324 0
40286222 0
40400243 0
40513580 0
40554997 0
40709956 0
40740812 0
40863987 0
40968186 0
41018551 0
41173501 0
41196277 0
41327785 0
41423904 0
41482624 0
41637475 0
41651363 0
41792079 0
41877861 0
41947237 0
42102407 0
42105031 0
42256758 0
42333488 0
42412176 0
42560950 0
42567623 0
42722462 0
42789428 0
42877618 0
43017373 0
43032113 0
43186998 0
43245531 0
43341597 0
43473083 0
43496073 0
43650880 0
43700348 0
43805245 0
43928097 0
43960028 0
44114738 0
44156457 0
44268856 0
44383663 0
44423665 0
44578437 0
44611536 0
44733001 0
44839422 0
44888380 0
45042375 0
45066937 0
45197785 0
45294196 0
45352184 0
45507524 0
45522903 0
45662131 0
45749531 0
45817251 0
45972275 0
45977358 0
46127578 0
46205126 0
46281973 0
46432731 0
46437481 0
46592100 0
46660531 0
46747101 0
46888149 0
46901622 0
47056424 0
47115354 0
47210539 0
47342664 0
47365375 0
47519888 0
47569865 0
47674603 0
47797228 0
47829380 0
47984126 0
48025479 0
48139031 0
48253419 0
48293136 0
48448143 0
48481116 0
48602732 0
48708313 0
48757326 0
48912358 0
48935080 0
49067602 0
49162491 0
49222742 0
49377907 0
49390142 0
49533148 0
49617172 0
49687344 0
49842375 0
49844887 0
49996543 0
50073198 0
50152039 0
50300431 0
50307142 0
50462128 0
50528811 0
50616741 0
50756169 0
50770732 0
50924906 0
50983609 0
51079497 0
51211546 0
51234370 0
51389516 0
51439529 0
51544380 0
51666647 0
51699503 0
51853936 0
51893781 0
52008808 0
52120978 0
52164159 0
52318885 0
52349020 0
52473833 0
52576135 0
52628725 0
52783627 0
52803722 0
52938521 0
53031470 0
53093667 0
53247982 0
53258266 0
53403098 0
53485628 0
53558321 0
53712214 0
53712876 0
53867644 0
53939689 0
54022459 0
54167041 0
54177402 0
54332761 0
54394524 0
54487488 0
54622981 0
54641632 0
54796602 0
54850521 0
54951098 0
55077635 0
55105395 0
55259866 0
55304886 0
55414921 0
55532521 0
55569649 0
55724536 0
55760605 0
55880397 0
55987995 0
56036128 0
56191306 0
56215459 0
56346233 0
56443011 0
56501640 0
56656655 0
56670511 0
56811521 0
56898155 0
56966360 0
57121182 0
57125554 0
57275352 0
57352864 0
57429832 0
57580537 0
57584525 0
57739014 0
57808093 0
57893592 0
58034789 0
58048563 0
58202978 0
58262356 0
58357754 0
58491169 0
58513034 0
58667313 0
58718124 0
58821764 0
58945601 0
58976768 0
59132071 0
59173986 0
59286797 0
59401760 0
59441165 0
59596371 0
59629256 0
59751029 0
59856749 0
59905590 0
60060724 0
60084541 0
60215268 0
60312822 0
60370171 0
60524737 0
60540920 0
60679596 0
60767992 0
60833520 0
60989212 0
60995963 0
61144201 0
61224432 0
61298510 0
61451923 0
61453226 0
61607933 0
61679636 0
61762739 0
61907438 0
61916945 0
62072118 0
62135872 0
62227508 0
62363693 0
62382127 0
62536873 0
62591243 0
62691589 0
62818004 0
62846214 0
63000539 0
63045030 0
63155031 0
63272283 0
63309891 0
63465174 0
63500866 0
63619802 0
63728819 0
63774700 0
63929146 0
63956741 0
64084710 0
64184607 0
64239600 0
64394860 0
64412216 0
64549192 0
64639469 0
64703493 0
64858176 0
64866248 0
65013069 0
65094598 0
65168211 0
65322152 0
65323324 0
65477901 0
65549560 0
65632176 0
65777455 0
65787228 0
65941923 0
66004822 0
66097115 0
66232411 0
66251507 0
66406094 0
66459454 0
66560727 0
66687614 0
66715862 0
66870163 0
66914573 0
67024926 0
67141615 0
67179515 0
67334199 0
67369567 0
67489496 0
67597137 0
67643740 0
67798555 0
67824256 0
67952898 0
68051937 0
68107598 0
68262480 0
68279521 0
68416529 0
68507340 0
68571336 0
68726343 0
68735515 0
68881764 0
68963166 0
69036749 0
69190949 0
69191619 0
69346320 0
69418071 0
69501866 0
69644817 0
69657146 0
69812567 0
69872606 0
69967205 0
70100504 0
70121486 0
70276965 0
70327738 0
70431642 0
70554389 0
70586337 0
70741389 0
70782495 0
70895965 0
71010240 0
71050733 0
71205254 0
71237791 0
71359704 0
71464667 0
71513931 0
71669112 0
71692153 0
71824065 0
71919178 0
71978778 0
72133287 0
72146834 0
72287855 0
72374879 0
72443063 0
72597526 0
72603231 0
72752734 0
72830780 0
72907217 0
73058656 0
73062179 0
73216843 0
73287235 0
73371271 0
73515033 0
73526190 0
73680515 0
73741981 0
73834982 0
73969532 0
73989881 0
74144224 0
74196777 0
74299018 0
74423518 0
74453522 0
74608204 0
74651722 0
74762199 0
74879228 0
74917074 0
75071389 0
75106522 0
75226465 0
75334758 0
75381252 0
75536581 0
75562873 0
75691794 0
75790192 0
75846505 0
76001496 0
76018138 0
76156097 0
76245203 0
76311098 0
76465548 0
76472737 0
76620146 0
76700110 0
76775169 0
76928410 0
76929880 0
77084965 0
77155338 0
77239946 0
77383427 0
77394793 0
77549161 0
77611003 0
77704121 0
77838599 0
77858433 0
78012931 0
78066054 0
78167621 0
78294031 0
78322915 0
78477525 0
78521109 0
78632783 0
78748821 0
78786357 0
78942035 0
78976709 0
79096886 0
79203945 0
79251751 0
79406515 0
79431969 0
79561252 0
79659944 0
79716130 0
79870386 0
79887331 0
80024946 0
80114601 0
80179595 0
80334567 0
80341645 0
80489219 0
80570118 0
80644965 0
80798078 0
80799933 0
80954567 0
81025941 0
81109645 0
81253883 0
81264715 0
81420206 0
81480719 0
81574884 0
81709044 0
81729548 0
81883988 0
81936692 0
82038913 0
82164652 0
82193710 0
82348933 0
82391925 0
82502552 0
82619008 0
82656967 0
82812092 0
82846188 0
82967196 0
83074013 0
83121500 0
83276399 0
83302113 0
83431289 0
83530089 0
83586029 0
83740468 0
83757595 0
83895513 0
83985641 0
84050093 0
84204377 0
84212689 0
84359097 0
84440350 0
84514491 0
84667709 0
84669093 0
84823579 0
84894865 0
84978220 0
85122331 0
85132098 0
85287127 0
85348902 0
85442165 0
85576254 0
85596610 0
85750667 0
85804103 0
85906189 0
86032034 0
86060794 0
86215420 0
86259590 0
86370091 0
86486532 0
86525032 0
86680030 0
86713798 0
86834779 0
86941636 0
86989721 0
87145114 0
87168681 0
87300813 0
87396379 0
87455445 0
87610393 0
87624685 0
87765176 0
87852322 0
87919221 0
88074061 0
88080059 0
88228726 0
88308480 0
88383135 0
88537256 0
88538396 0
88693324 0
88764889 0
88847588 0
88992968 0
89002619 0
89157535 0
89220278 0
89312240 0
89448627 0
89467030 0
89622162 0
89676446 0
89776702 0
89903791 0
89931468 0
90086233 0
90131632 0
90241401 0
90359346 0
90396420 0
90550336 0
90587399 0
90704829 0
90814455 0
90859706 0
91014421 0
91041763 0
91169016 0
91268633 0
91323530 0
91478130 0
91495533 0
91632618 0
91723240 0
91787176 0
91942158 0
91950401 0
92097039 0
92177285 0
92251474 0
92404977 0
92406178 0
92561686 0
92632924 0
92716207 0
92860784 0
92870959 0
93025066 0
93088739 0
93179995 0
93315772 0
93334852 0
93489484 0
93542841 0
93644449 0
93771400 0
93800021 0
93955014 0
93999578 0
94109966 0
94227807 0
94264197 0
94418378 0
